
data[0] = 5.400000
data[1] = 5.600000
data[2] = 8.800000
data[3] = 8.900000
data[4] = 9.700000